#! FIELDS time cv1
 0.000000 1.808757
 0.010000 1.835423
 0.020000 1.867639
 0.030000 1.842596
 0.040000 1.785282
 0.050000 1.749690
 0.060000 1.692342
 0.070000 1.632565
 0.080000 1.597933
 0.090000 1.554728
 0.100000 1.462856
 0.110000 1.320438
 0.120000 1.222463
 0.130000 1.167175
 0.140000 1.080687
 0.150000 1.014434
 0.160000 0.993158
 0.170000 1.017168
 0.180000 1.018973
 0.190000 1.001903
 0.200000 0.976248
 0.210000 0.934520
 0.220000 0.899783
 0.230000 0.895328
 0.240000 0.885652
 0.250000 0.896200
 0.260000 0.924675
 0.270000 0.940007
 0.280000 0.960324
 0.290000 0.986925
 0.300000 0.988984
 0.310000 0.966207
 0.320000 0.960632
 0.330000 0.974250
 0.340000 0.963166
 0.350000 0.918086
 0.360000 0.870753
 0.370000 0.883880
 0.380000 0.917325
 0.390000 0.933224
 0.400000 0.946104
 0.410000 0.966132
 0.420000 0.978608
 0.430000 0.979399
 0.440000 0.973495
 0.450000 0.968965
 0.460000 0.948612
 0.470000 0.893946
 0.480000 0.854995
 0.490000 0.895498
 0.500000 0.935816
 0.510000 0.944157
 0.520000 0.949315
 0.530000 0.978878
 0.540000 0.991210
 0.550000 0.980988
 0.560000 0.947142
 0.570000 0.931100
 0.580000 0.927735
 0.590000 0.893115
 0.600000 0.853186
 0.610000 0.884066
 0.620000 0.935149
 0.630000 0.960009
 0.640000 0.972108
 0.650000 0.985205
 0.660000 0.992055
 0.670000 0.990011
 0.680000 0.982358
 0.690000 0.976556
 0.700000 0.960563
 0.710000 0.898692
 0.720000 0.844085
 0.730000 0.896464
 0.740000 0.949185
 0.750000 0.966078
 0.760000 0.970235
 0.770000 0.984544
 0.780000 0.992849
 0.790000 0.986698
 0.800000 0.964034
 0.810000 0.943036
 0.820000 0.921581
 0.830000 0.888462
 0.840000 0.861330
 0.850000 0.872797
 0.860000 0.909985
 0.870000 0.937733
 0.880000 0.961795
 0.890000 0.985910
 0.900000 0.988918
 0.910000 0.972881
 0.920000 0.962169
 0.930000 0.958449
 0.940000 0.933879
 0.950000 0.920112
 0.960000 0.928460
 0.970000 0.941630
 0.980000 0.960484
 0.990000 0.964843
 1.000000 0.946287
 1.010000 0.943850
 1.020000 0.959851
 1.030000 0.972679
 1.040000 0.981995
 1.050000 0.979058
 1.060000 0.960676
 1.070000 0.952310
 1.080000 0.954476
 1.090000 0.953220
 1.100000 0.961776
 1.110000 0.963943
 1.120000 0.965129
 1.130000 0.978670
 1.140000 0.985027
 1.150000 0.979163
 1.160000 0.971747
 1.170000 0.975085
 1.180000 0.979645
 1.190000 0.972789
 1.200000 0.959552
 1.210000 0.949858
 1.220000 0.946944
 1.230000 0.941423
 1.240000 0.930392
 1.250000 0.916556
 1.260000 0.909487
 1.270000 0.919725
 1.280000 0.939707
 1.290000 0.950707
 1.300000 0.962364
 1.310000 0.972272
 1.320000 0.978519
 1.330000 0.984600
 1.340000 0.981689
 1.350000 0.963433
 1.360000 0.944205
 1.370000 0.935510
 1.380000 0.915374
 1.390000 0.896718
 1.400000 0.887156
 1.410000 0.881354
 1.420000 0.912955
 1.430000 0.951448
 1.440000 0.965833
 1.450000 0.972207
 1.460000 0.978726
 1.470000 0.972415
 1.480000 0.958236
 1.490000 0.952501
 1.500000 0.930612
 1.510000 0.885080
 1.520000 0.868970
 1.530000 0.888313
 1.540000 0.922575
 1.550000 0.951308
 1.560000 0.966313
 1.570000 0.980226
 1.580000 0.986224
 1.590000 0.980109
 1.600000 0.971758
 1.610000 0.963913
 1.620000 0.932168
 1.630000 0.878501
 1.640000 0.896127
 1.650000 0.925062
 1.660000 0.922117
 1.670000 0.927397
 1.680000 0.957656
 1.690000 0.975844
 1.700000 0.974713
 1.710000 0.963844
 1.720000 0.958796
 1.730000 0.957313
 1.740000 0.933312
 1.750000 0.894346
 1.760000 0.920003
 1.770000 0.962065
 1.780000 0.968722
 1.790000 0.961024
 1.800000 0.973732
 1.810000 0.988051
 1.820000 0.985188
 1.830000 0.969177
 1.840000 0.959072
 1.850000 0.954294
 1.860000 0.942738
 1.870000 0.919305
 1.880000 0.914673
 1.890000 0.936168
 1.900000 0.945945
 1.910000 0.937833
 1.920000 0.949343
 1.930000 0.968722
 1.940000 0.963633
 1.950000 0.951872
 1.960000 0.960952
 1.970000 0.969217
 1.980000 0.960461
 1.990000 0.942997
 2.000000 0.937696
 2.010000 0.946338
 2.020000 0.951674
 2.030000 0.951404
 2.040000 0.965914
 2.050000 0.979893
 2.060000 0.972822
 2.070000 0.950058
 2.080000 0.957004
 2.090000 0.969021
 2.100000 0.955026
 2.110000 0.926258
 2.120000 0.938644
 2.130000 0.951585
 2.140000 0.940723
 2.150000 0.928591
 2.160000 0.942730
 2.170000 0.955570
 2.180000 0.957531
 2.190000 0.960672
 2.200000 0.974365
 2.210000 0.979548
 2.220000 0.969759
 2.230000 0.959299
 2.240000 0.969535
 2.250000 0.974366
 2.260000 0.958560
 2.270000 0.940339
 2.280000 0.953100
 2.290000 0.961117
 2.300000 0.946855
 2.310000 0.931213
 2.320000 0.932137
 2.330000 0.930729
 2.340000 0.915933
 2.350000 0.905945
 2.360000 0.928712
 2.370000 0.956991
 2.380000 0.959854
 2.390000 0.954197
 2.400000 0.971770
 2.410000 0.982245
 2.420000 0.974784
 2.430000 0.962400
 2.440000 0.968721
 2.450000 0.970299
 2.460000 0.957342
 2.470000 0.936111
 2.480000 0.937972
 2.490000 0.954743
 2.500000 0.959001
 2.510000 0.957880
 2.520000 0.972985
 2.530000 0.979609
 2.540000 0.969536
 2.550000 0.965686
 2.560000 0.978338
 2.570000 0.977548
 2.580000 0.960404
 2.590000 0.966020
 2.600000 0.982909
 2.610000 0.981142
 2.620000 0.966272
 2.630000 0.968359
 2.640000 0.982539
 2.650000 0.982018
 2.660000 0.957915
 2.670000 0.935605
 2.680000 0.938774
 2.690000 0.939952
 2.700000 0.944972
 2.710000 0.954635
 2.720000 0.961869
 2.730000 0.973854
 2.740000 0.981380
 2.750000 0.979120
 2.760000 0.973999
 2.770000 0.966582
 2.780000 0.955873
 2.790000 0.953390
 2.800000 0.961331
 2.810000 0.959381
 2.820000 0.950254
 2.830000 0.963535
 2.840000 0.981591
 2.850000 0.981242
 2.860000 0.960843
 2.870000 0.950412
 2.880000 0.955840
 2.890000 0.934348
 2.900000 0.887805
 2.910000 0.879333
 2.920000 0.900003
 2.930000 0.918092
 2.940000 0.927592
 2.950000 0.943385
 2.960000 0.969203
 2.970000 0.983200
 2.980000 0.985234
 2.990000 0.982701
 3.000000 0.982487
 3.010000 0.974616
 3.020000 0.946479
 3.030000 0.928923
 3.040000 0.947182
 3.050000 0.952736
 3.060000 0.950276
 3.070000 0.958770
 3.080000 0.968937
 3.090000 0.967750
 3.100000 0.953625
 3.110000 0.940526
 3.120000 0.938826
 3.130000 0.925414
 3.140000 0.897846
 3.150000 0.886647
 3.160000 0.916547
 3.170000 0.939701
 3.180000 0.951412
 3.190000 0.970823
 3.200000 0.980998
 3.210000 0.973539
 3.220000 0.958354
 3.230000 0.952158
 3.240000 0.946845
 3.250000 0.924854
 3.260000 0.887434
 3.270000 0.876582
 3.280000 0.916515
 3.290000 0.952982
 3.300000 0.960048
 3.310000 0.953999
 3.320000 0.964671
 3.330000 0.979302
 3.340000 0.980321
 3.350000 0.966943
 3.360000 0.956708
 3.370000 0.956696
 3.380000 0.957096
 3.390000 0.965704
 3.400000 0.975716
 3.410000 0.974049
 3.420000 0.973119
 3.430000 0.984279
 3.440000 0.996125
 3.450000 0.994182
 3.460000 0.967171
 3.470000 0.943144
 3.480000 0.952569
 3.490000 0.940946
 3.500000 0.880330
 3.510000 0.836759
 3.520000 0.891598
 3.530000 0.946216
 3.540000 0.963722
 3.550000 0.966048
 3.560000 0.969471
 3.570000 0.975296
 3.580000 0.976369
 3.590000 0.974638
 3.600000 0.971922
 3.610000 0.951136
 3.620000 0.918080
 3.630000 0.929501
 3.640000 0.966527
 3.650000 0.974489
 3.660000 0.966349
 3.670000 0.976741
 3.680000 0.991518
 3.690000 0.987150
 3.700000 0.957278
 3.710000 0.927871
 3.720000 0.935516
 3.730000 0.940798
 3.740000 0.930208
 3.750000 0.933822
 3.760000 0.956409
 3.770000 0.973026
 3.780000 0.977313
 3.790000 0.981304
 3.800000 0.983942
 3.810000 0.970904
 3.820000 0.950225
 3.830000 0.954648
 3.840000 0.960142
 3.850000 0.949093
 3.860000 0.943180
 3.870000 0.968745
 3.880000 0.986099
 3.890000 0.982207
 3.900000 0.965190
 3.910000 0.964113
 3.920000 0.970978
 3.930000 0.963047
 3.940000 0.943649
 3.950000 0.944918
 3.960000 0.950687
 3.970000 0.949722
 3.980000 0.959201
 3.990000 0.970529
 4.000000 0.969741
 4.010000 0.961754
 4.020000 0.957034
 4.030000 0.962115
 4.040000 0.956540
 4.050000 0.926682
 4.060000 0.908890
 4.070000 0.935746
 4.080000 0.956473
 4.090000 0.958937
 4.100000 0.963785
 4.110000 0.972860
 4.120000 0.974659
 4.130000 0.973081
 4.140000 0.972780
 4.150000 0.973253
 4.160000 0.967879
 4.170000 0.947971
 4.180000 0.937067
 4.190000 0.963733
 4.200000 0.980334
 4.210000 0.977132
 4.220000 0.969245
 4.230000 0.974500
 4.240000 0.976012
 4.250000 0.967223
 4.260000 0.957487
 4.270000 0.950478
 4.280000 0.943312
 4.290000 0.939196
 4.300000 0.944580
 4.310000 0.956424
 4.320000 0.958326
 4.330000 0.955778
 4.340000 0.965490
 4.350000 0.979378
 4.360000 0.977354
 4.370000 0.947071
 4.380000 0.915131
 4.390000 0.928257
 4.400000 0.937242
 4.410000 0.927277
 4.420000 0.925932
 4.430000 0.955449
 4.440000 0.980414
 4.450000 0.984405
 4.460000 0.979799
 4.470000 0.979646
 4.480000 0.978118
 4.490000 0.968736
 4.500000 0.946479
 4.510000 0.917143
 4.520000 0.885810
 4.530000 0.851045
 4.540000 0.851346
 4.550000 0.886035
 4.560000 0.905435
 4.570000 0.910117
 4.580000 0.930089
 4.590000 0.964619
 4.600000 0.978556
 4.610000 0.976428
 4.620000 0.976267
 4.630000 0.981551
 4.640000 0.979001
 4.650000 0.964913
 4.660000 0.951377
 4.670000 0.951822
 4.680000 0.947597
 4.690000 0.934722
 4.700000 0.939297
 4.710000 0.958291
 4.720000 0.969435
 4.730000 0.970500
 4.740000 0.973110
 4.750000 0.981559
 4.760000 0.981958
 4.770000 0.968849
 4.780000 0.955902
 4.790000 0.964048
 4.800000 0.966559
 4.810000 0.950303
 4.820000 0.948582
 4.830000 0.971327
 4.840000 0.977296
 4.850000 0.969126
 4.860000 0.966976
 4.870000 0.975307
 4.880000 0.973732
 4.890000 0.950686
 4.900000 0.925008
 4.910000 0.929448
 4.920000 0.923732
 4.930000 0.888075
 4.940000 0.882314
 4.950000 0.923540
 4.960000 0.943347
 4.970000 0.949312
 4.980000 0.962050
 4.990000 0.974781
