#! FIELDS time cv1
 0.000000 3.521178
 0.100000 3.710837
 0.200000 3.534886
 0.300000 3.472370
 0.400000 3.268939
 0.500000 3.636914
 0.600000 3.646347
 0.700000 3.433714
 0.800000 3.579601
 0.900000 3.598123
 1.000000 3.600845
 1.100000 3.531149
 1.200000 3.654376
 1.300000 3.465692
 1.400000 3.379496
 1.500000 3.730699
 1.600000 3.752291
 1.700000 3.454309
 1.800000 3.782370
 1.900000 3.713593
 2.000000 3.471258
 2.100000 3.527137
 2.200000 3.509640
 2.300000 3.691509
 2.400000 3.712829
 2.500000 3.538901
 2.600000 3.369645
 2.700000 3.627700
 2.800000 3.619836
 2.900000 3.620952
 3.000000 3.719072
 3.100000 3.690409
 3.200000 3.622696
 3.300000 3.755617
 3.400000 3.582116
 3.500000 3.744011
 3.600000 3.697547
 3.700000 3.586485
 3.800000 3.769881
 3.900000 3.752823
 4.000000 3.709124
 4.100000 3.570224
 4.200000 3.686509
 4.300000 3.794368
 4.400000 3.737258
 4.500000 3.286199
 4.600000 3.480528
 4.700000 3.750354
 4.800000 3.607173
 4.900000 3.742642
 5.000000 3.680239
 5.100000 3.515627
 5.200000 3.765638
 5.300000 3.512551
 5.400000 3.681505
 5.500000 3.362559
 5.600000 3.075718
 5.700000 3.713302
 5.800000 3.334824
 5.900000 3.535150
 6.000000 3.655640
 6.100000 3.518243
 6.200000 3.629693
 6.300000 3.780395
 6.400000 3.602400
 6.500000 3.449638
 6.600000 3.711453
 6.700000 3.730497
 6.800000 3.514643
 6.900000 3.835610
 7.000000 3.699050
 7.100000 3.695206
 7.200000 3.656312
 7.300000 3.579792
 7.400000 3.099232
 7.500000 3.736184
 7.600000 3.593115
 7.700000 3.710415
 7.800000 3.606233
 7.900000 3.280782
 8.000000 2.997497
 8.100000 3.233707
 8.200000 3.644863
 8.300000 3.738117
 8.400000 3.497985
 8.500000 3.739114
 8.600000 3.466560
 8.700000 3.346255
 8.800000 3.577807
 8.900000 3.699158
 9.000000 3.664520
 9.100000 3.600917
 9.200000 3.635834
 9.300000 3.603794
 9.400000 3.477269
 9.500000 3.538529
 9.600000 3.666146
 9.700000 3.576748
 9.800000 3.710875
 9.900000 3.621944
 10.000000 3.145043
 10.100000 2.906653
 10.200000 2.959615
 10.300000 3.336980
 10.400000 3.577121
 10.500000 3.532029
 10.600000 3.475731
 10.700000 3.738061
 10.800000 3.656631
 10.900000 3.663952
 11.000000 3.329386
 11.100000 3.058516
 11.200000 3.366303
 11.300000 3.381508
 11.400000 3.689170
 11.500000 3.669311
 11.600000 3.683013
 11.700000 3.420521
 11.800000 3.570119
 11.900000 3.669662
 12.000000 3.652456
 12.100000 3.710242
 12.200000 3.629481
 12.300000 3.588606
 12.400000 3.686076
 12.500000 3.551749
 12.600000 3.679675
 12.700000 3.587691
 12.800000 3.459478
 12.900000 3.723740
 13.000000 3.646842
 13.100000 3.592849
 13.200000 3.123993
 13.300000 3.198094
 13.400000 3.767679
 13.500000 3.537317
 13.600000 3.131925
 13.700000 3.608118
 13.800000 3.608237
 13.900000 3.529624
 14.000000 3.383046
 14.100000 3.563218
 14.200000 3.722813
 14.300000 3.499119
 14.400000 3.524447
 14.500000 3.549864
 14.600000 3.515904
 14.700000 3.502587
 14.800000 3.786953
 14.900000 3.713304
 15.000000 3.197844
 15.100000 3.652776
 15.200000 3.349195
 15.300000 3.613884
 15.400000 3.425984
 15.500000 3.764987
 15.600000 3.478958
 15.700000 3.651225
 15.800000 3.306000
 15.900000 3.518797
 16.000000 3.629953
 16.100000 3.583339
 16.200000 3.465491
 16.300000 3.765763
 16.400000 3.586024
 16.500000 3.631835
 16.600000 3.637886
 16.700000 3.619837
 16.800000 3.661364
 16.900000 3.790383
 17.000000 3.564814
 17.100000 3.535404
 17.200000 3.632092
 17.300000 3.653424
 17.400000 3.208489
 17.500000 3.052949
 17.600000 2.904084
 17.700000 2.879088
 17.800000 2.804851
 17.900000 2.934265
 18.000000 3.104425
 18.100000 3.696415
 18.200000 3.632414
 18.300000 3.640668
 18.400000 3.166307
 18.500000 3.122045
 18.600000 3.534070
 18.700000 3.603861
 18.800000 3.459107
 18.900000 3.664096
 19.000000 3.626503
 19.100000 3.723168
 19.200000 3.792124
 19.300000 3.575992
 19.400000 3.496542
 19.500000 3.779333
 19.600000 3.702682
 19.700000 3.363048
 19.800000 3.664879
 19.900000 3.654346
 20.000000 3.416494
 20.100000 3.654925
 20.200000 3.784081
 20.300000 3.741393
 20.400000 3.545909
 20.500000 3.751403
 20.600000 3.514148
 20.700000 3.666502
 20.800000 3.706264
 20.900000 3.747166
 21.000000 3.830975
 21.100000 3.624742
 21.200000 3.438184
 21.300000 3.685655
 21.400000 3.745444
 21.500000 3.611162
 21.600000 3.677681
 21.700000 3.607876
 21.800000 3.081873
 21.900000 3.745098
 22.000000 3.502957
 22.100000 3.467648
 22.200000 3.588579
 22.300000 3.563620
 22.400000 3.601361
 22.500000 3.770871
 22.600000 3.661220
 22.700000 3.410052
 22.800000 3.591733
 22.900000 3.700948
 23.000000 3.665883
 23.100000 3.796252
 23.200000 3.708142
 23.300000 3.420925
 23.400000 3.579641
 23.500000 3.655631
 23.600000 3.639431
 23.700000 3.594814
 23.800000 3.666270
 23.900000 3.580004
 24.000000 3.584195
 24.100000 3.640795
 24.200000 3.673499
 24.300000 3.599755
 24.400000 3.706106
 24.500000 3.709977
 24.600000 3.443933
 24.700000 3.748104
 24.800000 3.760786
 24.900000 3.463923
