#! FIELDS time cv1.mean
 0.000000 1.761427
 0.100000 1.856554
 0.200000 1.767800
 0.300000 1.736802
 0.400000 1.634753
 0.500000 1.818819
 0.600000 1.823573
 0.700000 1.717342
 0.800000 1.790130
 0.900000 1.799378
 1.000000 1.800862
 1.100000 1.766210
 1.200000 1.827898
 1.300000 1.733446
 1.400000 1.690320
 1.500000 1.866036
 1.600000 1.876756
 1.700000 1.727714
 1.800000 1.891637
 1.900000 1.857067
 2.000000 1.736037
 2.100000 1.764305
 2.200000 1.755897
 2.300000 1.846686
 2.400000 1.857396
 2.500000 1.770235
 2.600000 1.686027
 2.700000 1.814707
 2.800000 1.810741
 2.900000 1.811406
 3.000000 1.860363
 3.100000 1.846085
 3.200000 1.812160
 3.300000 1.878734
 3.400000 1.791983
 3.500000 1.872822
 3.600000 1.850297
 3.700000 1.794428
 3.800000 1.885835
 3.900000 1.877087
 4.000000 1.855019
 4.100000 1.785453
 4.200000 1.843643
 4.300000 1.897838
 4.400000 1.869282
 4.500000 1.643711
 4.600000 1.740782
 4.700000 1.876274
 4.800000 1.804259
 4.900000 1.872155
 5.000000 1.841003
 5.100000 1.758665
 5.200000 1.883813
 5.300000 1.756925
 5.400000 1.841459
 5.500000 1.682066
 5.600000 1.538417
 5.700000 1.857269
 5.800000 1.668199
 5.900000 1.768406
 6.000000 1.828644
 6.100000 1.759762
 6.200000 1.815620
 6.300000 1.891033
 6.400000 1.802267
 6.500000 1.725773
 6.600000 1.856546
 6.700000 1.865963
 6.800000 1.758273
 6.900000 1.919242
 7.000000 1.850532
 7.100000 1.848308
 7.200000 1.828942
 7.300000 1.790895
 7.400000 1.550111
 7.500000 1.868900
 7.600000 1.797093
 7.700000 1.855978
 7.800000 1.803843
 7.900000 1.641173
 8.000000 1.499207
 8.100000 1.617394
 8.200000 1.822989
 8.300000 1.869891
 8.400000 1.749678
 8.500000 1.870019
 8.600000 1.733844
 8.700000 1.673681
 8.800000 1.789432
 8.900000 1.850121
 9.000000 1.832617
 9.100000 1.800818
 9.200000 1.818551
 9.300000 1.802742
 9.400000 1.739167
 9.500000 1.769726
 9.600000 1.833698
 9.700000 1.789278
 9.800000 1.856094
 9.900000 1.811518
 10.000000 1.572987
 10.100000 1.454147
 10.200000 1.480747
 10.300000 1.669474
 10.400000 1.789617
 10.500000 1.766626
 10.600000 1.738452
 10.700000 1.869717
 10.800000 1.829293
 10.900000 1.832333
 11.000000 1.665722
 11.100000 1.530168
 11.200000 1.684113
 11.300000 1.691422
 11.400000 1.845296
 11.500000 1.835258
 11.600000 1.841922
 11.700000 1.710880
 11.800000 1.785493
 11.900000 1.835834
 12.000000 1.826944
 12.100000 1.855664
 12.200000 1.815620
 12.300000 1.794934
 12.400000 1.844036
 12.500000 1.776884
 12.600000 1.840952
 12.700000 1.795083
 12.800000 1.731126
 12.900000 1.862807
 13.000000 1.824588
 13.100000 1.797150
 13.200000 1.563058
 13.300000 1.599824
 13.400000 1.884692
 13.500000 1.769489
 13.600000 1.566915
 13.700000 1.805205
 13.800000 1.804964
 13.900000 1.765516
 14.000000 1.692397
 14.100000 1.782934
 14.200000 1.862251
 14.300000 1.750505
 14.400000 1.763062
 14.500000 1.775915
 14.600000 1.759057
 14.700000 1.752144
 14.800000 1.894326
 14.900000 1.857492
 15.000000 1.599687
 15.100000 1.826857
 15.200000 1.675085
 15.300000 1.807861
 15.400000 1.713712
 15.500000 1.883415
 15.600000 1.740555
 15.700000 1.826185
 15.800000 1.654141
 15.900000 1.760217
 16.000000 1.815642
 16.100000 1.792212
 16.200000 1.733100
 16.300000 1.883656
 16.400000 1.793457
 16.500000 1.816526
 16.600000 1.819695
 16.700000 1.810573
 16.800000 1.831310
 16.900000 1.895746
 17.000000 1.783003
 17.100000 1.768260
 17.200000 1.816772
 17.300000 1.827526
 17.400000 1.605042
 17.500000 1.527280
 17.600000 1.453411
 17.700000 1.440343
 17.800000 1.403627
 17.900000 1.468053
 18.000000 1.553201
 18.100000 1.848888
 18.200000 1.817121
 18.300000 1.821312
 18.400000 1.584147
 18.500000 1.561842
 18.600000 1.768523
 18.700000 1.802869
 18.800000 1.729954
 18.900000 1.832753
 19.000000 1.814406
 19.100000 1.862218
 19.200000 1.896820
 19.300000 1.788692
 19.400000 1.749324
 19.500000 1.890311
 19.600000 1.852020
 19.700000 1.682077
 19.800000 1.833292
 19.900000 1.828289
 20.000000 1.709227
 20.100000 1.828341
 20.200000 1.893004
 20.300000 1.871498
 20.400000 1.773452
 20.500000 1.876262
 20.600000 1.757846
 20.700000 1.833886
 20.800000 1.853730
 20.900000 1.874239
 21.000000 1.916023
 21.100000 1.813063
 21.200000 1.720251
 21.300000 1.843658
 21.400000 1.873770
 21.500000 1.806273
 21.600000 1.839442
 21.700000 1.804505
 21.800000 1.541419
 21.900000 1.873731
 22.000000 1.752391
 22.100000 1.734660
 22.200000 1.794842
 22.300000 1.782791
 22.400000 1.801789
 22.500000 1.886454
 22.600000 1.831530
 22.700000 1.705943
 22.800000 1.797103
 22.900000 1.851185
 23.000000 1.833679
 23.100000 1.899003
 23.200000 1.854719
 23.300000 1.710926
 23.400000 1.790606
 23.500000 1.828684
 23.600000 1.820493
 23.700000 1.798545
 23.800000 1.834144
 23.900000 1.790867
 24.000000 1.793178
 24.100000 1.821230
 24.200000 1.837606
 24.300000 1.800645
 24.400000 1.853833
 24.500000 1.855972
 24.600000 1.722612
 24.700000 1.874882
 24.800000 1.881309
 24.900000 1.732614
