#! FIELDS time cv1 cv2
 0.000000 1.473584 1.405559
 1.000000 1.264472 1.259521
 2.000000 1.458325 1.456243
 3.000000 1.373106 1.143202
 4.000000 1.473622 1.454045
 5.000000 1.361679 1.365294
 6.000000 1.092096 1.667932
 7.000000 1.238053 1.519056
 8.000000 1.262834 1.605270
 9.000000 1.095536 1.621190
 10.000000 1.444934 1.590813
 11.000000 1.500274 1.659338
 12.000000 0.990176 1.703196
 13.000000 1.130235 1.538920
 14.000000 1.053113 1.505479
 15.000000 1.478918 1.489075
 16.000000 1.022719 1.644894
 17.000000 1.516999 1.333943
 18.000000 1.045203 1.597008
 19.000000 1.529846 1.713205
 20.000000 1.333448 1.512991
 21.000000 1.394698 1.465406
 22.000000 1.346339 1.537757
 23.000000 1.230272 1.329225
 24.000000 1.371279 1.633715
 25.000000 1.253924 1.493674
 26.000000 1.551603 1.605049
 27.000000 1.286516 1.658455
 28.000000 1.323685 1.640971
 29.000000 1.655615 1.487715
 30.000000 1.495285 1.559040
 31.000000 1.222681 1.700169
 32.000000 1.413240 1.436588
 33.000000 1.150136 1.541978
 34.000000 1.305569 1.465278
 35.000000 0.882267 1.742421
 36.000000 0.870598 1.548018
 37.000000 0.835329 1.735994
 38.000000 0.799693 1.398902
 39.000000 0.881803 1.488626
 40.000000 0.774143 1.650966
 41.000000 0.825420 1.733945
 42.000000 0.795077 1.663297
 43.000000 0.829255 1.677370
 44.000000 0.795018 1.522093
 45.000000 0.911000 1.508528
 46.000000 0.888057 1.542947
 47.000000 0.834511 1.370831
 48.000000 0.724695 1.264806
 49.000000 0.893810 1.671558
 50.000000 0.778240 1.516959
 51.000000 0.777392 1.614974
 52.000000 0.827205 1.629618
 53.000000 0.756018 1.541010
 54.000000 0.862192 1.395385
 55.000000 0.873152 1.401165
 56.000000 0.892870 1.536195
 57.000000 0.840156 1.673861
 58.000000 0.763976 1.630837
 59.000000 0.776015 1.656978
 60.000000 0.836916 1.590482
 61.000000 0.846875 1.579381
 62.000000 0.863928 1.600869
 63.000000 0.859216 1.660342
 64.000000 0.873350 1.707335
 65.000000 0.816708 1.762368
 66.000000 0.762127 1.646524
 67.000000 0.784236 1.608128
 68.000000 0.721160 1.582001
 69.000000 0.855557 1.572047
 70.000000 0.816153 1.406907
 71.000000 0.914930 1.710519
 72.000000 0.853409 1.425251
 73.000000 0.891754 1.723650
 74.000000 0.738111 1.400243
 75.000000 0.746443 1.386651
 76.000000 0.812174 1.515669
 77.000000 0.782571 1.646190
 78.000000 0.804833 1.598465
 79.000000 0.784321 1.502734
 80.000000 0.835184 1.484631
 81.000000 0.744649 1.613423
 82.000000 0.850617 1.542564
 83.000000 0.751597 1.598200
 84.000000 0.828049 1.602400
 85.000000 0.884076 1.608173
 86.000000 0.674596 1.713047
 87.000000 0.665380 1.367191
 88.000000 0.804023 1.594381
 89.000000 0.831379 1.655565
 90.000000 0.779462 1.420400
 91.000000 0.770291 1.650365
 92.000000 0.832599 1.654757
 93.000000 0.851965 1.606993
 94.000000 0.873999 1.696685
 95.000000 0.839955 1.514555
 96.000000 0.691400 1.641569
 97.000000 0.767604 1.403565
 98.000000 0.841197 1.616707
 99.000000 0.800509 1.504680
 100.000000 0.835452 1.616495
 101.000000 0.738933 1.610282
 102.000000 0.852480 1.536721
 103.000000 0.816867 1.665474
 104.000000 0.767555 1.554562
 105.000000 0.825415 1.653459
 106.000000 0.853106 1.665666
 107.000000 0.801808 1.583741
 108.000000 0.854603 1.570233
 109.000000 0.807043 1.329060
 110.000000 0.823410 1.429107
 111.000000 0.778335 1.586780
 112.000000 0.825222 1.471483
 113.000000 0.822741 1.564443
 114.000000 0.801357 1.245334
 115.000000 0.748549 1.486522
 116.000000 0.863429 1.402366
 117.000000 0.704218 1.671947
 118.000000 0.862231 1.424685
 119.000000 0.861604 1.316266
 120.000000 0.865843 1.601987
 121.000000 0.797027 1.572931
 122.000000 0.703502 1.684083
 123.000000 0.844631 1.402260
 124.000000 0.870319 1.563957
 125.000000 0.784142 1.451881
 126.000000 0.905651 1.463012
 127.000000 0.783869 1.443979
 128.000000 0.825708 1.615678
 129.000000 0.852077 1.659396
 130.000000 0.869595 1.572548
 131.000000 0.876501 1.593639
 132.000000 0.743933 1.649665
 133.000000 0.768408 1.620456
 134.000000 0.702899 1.628366
 135.000000 0.880114 1.652711
 136.000000 0.777702 1.469710
 137.000000 0.850746 1.656180
 138.000000 0.783041 1.672473
 139.000000 0.798567 1.732302
 140.000000 0.858749 1.536660
 141.000000 0.889433 1.648274
 142.000000 0.868669 1.636723
 143.000000 0.759055 1.446912
 144.000000 0.845985 1.642877
 145.000000 0.864856 1.535469
 146.000000 0.809421 1.338011
 147.000000 0.782304 1.550174
 148.000000 0.736444 1.483411
 149.000000 0.726193 1.505660
 150.000000 0.811800 1.535523
 151.000000 0.796620 1.744636
 152.000000 0.815169 1.525144
 153.000000 0.786947 1.564155
 154.000000 0.862555 1.646143
 155.000000 0.852919 1.730652
 156.000000 0.771755 1.534885
 157.000000 0.875640 1.604939
 158.000000 0.776447 1.596158
 159.000000 0.759477 1.401085
 160.000000 0.742315 1.623033
 161.000000 0.785638 1.589981
 162.000000 0.812909 1.752891
 163.000000 0.898667 1.343691
 164.000000 0.811964 1.653454
 165.000000 0.817155 1.615229
 166.000000 0.884377 1.567327
 167.000000 0.755583 1.700815
 168.000000 0.837044 1.385132
 169.000000 0.725279 1.678237
 170.000000 0.820956 1.603659
 171.000000 0.845349 1.393488
 172.000000 0.883935 1.707391
 173.000000 0.708743 1.637770
 174.000000 0.830605 1.561206
 175.000000 0.876517 1.435304
 176.000000 0.801776 1.477781
 177.000000 0.789786 1.519509
 178.000000 0.881086 1.563416
 179.000000 0.819894 1.459793
 180.000000 0.817477 1.490584
 181.000000 0.885868 1.403620
 182.000000 0.804623 1.624197
 183.000000 0.845136 1.742016
 184.000000 0.907007 1.632401
 185.000000 0.749543 1.653451
 186.000000 0.651954 1.592995
 187.000000 0.870895 1.634180
 188.000000 0.884894 1.621884
 189.000000 0.895389 1.584652
 190.000000 0.781451 1.483220
 191.000000 0.858402 1.763533
 192.000000 0.867357 1.542872
 193.000000 0.766226 1.454278
 194.000000 0.854199 1.720200
 195.000000 0.873898 1.565385
 196.000000 0.850282 1.419409
 197.000000 0.843062 1.737026
 198.000000 0.736633 1.674046
 199.000000 0.887376 1.551900
 200.000000 0.884737 1.442740
 201.000000 0.913312 1.505456
 202.000000 0.893078 1.588860
 203.000000 0.827310 1.649081
 204.000000 0.851070 1.532114
 205.000000 0.847255 1.460697
 206.000000 0.695581 1.734596
 207.000000 0.782005 1.574324
 208.000000 0.807254 1.608719
 209.000000 0.868840 1.673675
 210.000000 0.879424 1.605595
 211.000000 0.838647 1.463582
 212.000000 0.801536 1.629690
 213.000000 0.797873 1.423480
 214.000000 0.749468 1.579121
 215.000000 0.867769 1.466004
 216.000000 0.813223 1.687627
 217.000000 0.797276 1.423406
 218.000000 0.721463 1.605692
 219.000000 0.819667 1.596120
 220.000000 0.750659 1.551521
 221.000000 0.869894 1.590543
 222.000000 0.622075 1.583607
 223.000000 0.711916 1.706431
 224.000000 0.838653 1.581547
 225.000000 0.769572 1.487101
 226.000000 0.815675 1.596826
 227.000000 0.818784 1.660336
 228.000000 0.838487 1.640072
 229.000000 0.885754 1.587957
 230.000000 0.872489 1.514561
 231.000000 0.809168 1.608680
 232.000000 0.820186 1.690079
 233.000000 0.883719 1.739481
 234.000000 0.801450 1.599447
 235.000000 0.766279 1.580375
 236.000000 0.727089 1.645509
 237.000000 0.747159 1.584932
 238.000000 0.789296 1.432448
 239.000000 0.782235 1.607361
 240.000000 0.856192 1.576121
 241.000000 0.829227 1.688274
 242.000000 0.704283 1.418747
 243.000000 0.843884 1.309434
 244.000000 0.727845 1.425065
 245.000000 0.846094 1.532859
 246.000000 0.757413 1.475962
 247.000000 0.798319 1.613444
 248.000000 0.773569 1.594482
 249.000000 0.823821 1.653222
